Supplemental results for CODEML (seqf: /Users/makuachtenygatluak/Documents/Research/data/processed/zebra_finch/paml_input/mroh6_zebra_finch_codon.phy  treef: /Users/makuachtenygatluak/Documents/Research/data/processed/zebra_finch/paml_input/mroh6_zebra_finch_nj.tree)


MLEs of dN/dS (w) for site classes (K=5)

p:   0.18233  0.18233  0.18233  0.18233  0.27070
w:   0.28513  0.99985  1.00000  1.00000  2.88761

Naive Empirical Bayes (NEB) probabilities for 5 classes & postmean_w & P(w>1)
(amino acids refer to 1st sequence: gu_10_chr7_731175_734562)

   1 L   0.81083 0.06303 0.06300 0.06300 0.00015 ( 1)  0.421  0.000
   2 Q   0.85032 0.04991 0.04988 0.04988 0.00001 ( 1)  0.392  0.000
   3 A   0.54042 0.15276 0.15270 0.15270 0.00142 ( 1)  0.616  0.001
   4 T   0.55661 0.14750 0.14745 0.14745 0.00099 ( 1)  0.604  0.001
   5 L   0.00004 0.08689 0.08695 0.08695 0.73918 ( 5)  2.395  0.739
   6 G   0.00166 0.25585 0.25593 0.25593 0.23062 ( 4)  1.434  0.231
   7 L   0.00292 0.24112 0.24119 0.24119 0.27357 ( 5)  1.514  0.274
   8 V   0.00636 0.31611 0.31616 0.31616 0.04522 ( 4)  1.081  0.045
   9 I   0.15209 0.28122 0.28116 0.28116 0.00437 ( 2)  0.899  0.004
  10 V   0.11621 0.29336 0.29330 0.29330 0.00383 ( 2)  0.924  0.004
  11 P   0.35788 0.21338 0.21331 0.21331 0.00212 ( 1)  0.748  0.002
  12 E   0.00000 0.00853 0.00854 0.00854 0.97438 ( 5)  2.839  0.974
  13 C   0.02169 0.29714 0.29717 0.29717 0.08683 ( 4)  1.148  0.087
  14 H   0.00063 0.14792 0.14799 0.14799 0.55546 ( 5)  2.048  0.555
  15 K   0.00000 0.00020 0.00020 0.00020 0.99939 ( 5)  2.886  0.999
  16 A   0.00000 0.00333 0.00333 0.00333 0.99001 ( 5)  2.869  0.990
  17 M   0.00093 0.24106 0.24116 0.24116 0.27571 ( 5)  1.520  0.276
  18 N   0.00000 0.00565 0.00565 0.00565 0.98305 ( 5)  2.856  0.983
  19 L   0.00009 0.10563 0.10569 0.10569 0.68290 ( 5)  2.289  0.683
  20 Y   0.00199 0.17258 0.17265 0.17265 0.48013 ( 5)  1.905  0.480
  21 S   0.01437 0.31698 0.31701 0.31701 0.03463 ( 4)  1.055  0.035
  22 S   0.01188 0.30096 0.30100 0.30100 0.08516 ( 4)  1.152  0.085
  23 R   0.00000 0.00000 0.00000 0.00000 1.00000 ( 5)  2.888  1.000
  24 L   0.82975 0.05676 0.05672 0.05672 0.00004 ( 1)  0.407  0.000
  25 L   0.36229 0.21195 0.21188 0.21188 0.00200 ( 1)  0.745  0.002
  26 V   0.05816 0.31126 0.31123 0.31123 0.00812 ( 2)  0.974  0.008
  27 H   0.10060 0.29569 0.29566 0.29566 0.01240 ( 2)  0.951  0.012
  28 V   0.01626 0.31347 0.31349 0.31349 0.04329 ( 4)  1.070  0.043
  29 V   0.00001 0.04435 0.04438 0.04438 0.86688 ( 5)  2.636  0.867
  30 I   0.00394 0.30110 0.30117 0.30117 0.09262 ( 4)  1.172  0.093
  31 T   0.24456 0.24995 0.24990 0.24990 0.00569 ( 2)  0.836  0.006
  32 T   0.55210 0.14897 0.14891 0.14891 0.00111 ( 1)  0.607  0.001
  33 Q   0.00000 0.02007 0.02009 0.02009 0.93975 ( 5)  2.774  0.940
  34 Q   0.00000 0.00841 0.00842 0.00842 0.97476 ( 5)  2.840  0.975
  35 I   0.02241 0.32154 0.32155 0.32155 0.01296 ( 4)  1.008  0.013
  36 P   0.00029 0.08136 0.08140 0.08140 0.75555 ( 5)  2.426  0.756
  37 E   0.86384 0.04541 0.04537 0.04537 0.00001 ( 1)  0.382  0.000
  38 K   0.00602 0.31065 0.31071 0.31071 0.06192 ( 4)  1.113  0.062
  39 R   0.08721 0.29868 0.29866 0.29866 0.01678 ( 2)  0.969  0.017
  40 A   0.00011 0.07605 0.07610 0.07610 0.77165 ( 5)  2.456  0.772
  41 R   0.00007 0.06030 0.06034 0.06034 0.81895 ( 5)  2.546  0.819
  42 C   0.00010 0.07374 0.07378 0.07378 0.77860 ( 5)  2.470  0.779
  43 Q   0.02698 0.31754 0.31753 0.31753 0.02042 ( 2)  1.019  0.020
  44 P   0.26607 0.24258 0.24252 0.24252 0.00631 ( 1)  0.822  0.006
  45 T   0.00494 0.25148 0.25155 0.25155 0.24049 ( 4)  1.450  0.240
  46 P   0.02985 0.30559 0.30561 0.30561 0.05335 ( 4)  1.079  0.053
  47 E   0.00344 0.31690 0.31696 0.31696 0.04575 ( 4)  1.084  0.046
  48 S   0.00029 0.08936 0.08940 0.08940 0.73155 ( 5)  2.381  0.732
  49 R   0.40134 0.19761 0.19755 0.19755 0.00595 ( 1)  0.724  0.006
  50 H   0.31527 0.22816 0.22807 0.22807 0.00042 ( 1)  0.775  0.000
  51 R   0.00049 0.18859 0.18868 0.18868 0.43357 ( 5)  1.818  0.434
  52 G   0.00011 0.07812 0.07817 0.07817 0.76543 ( 5)  2.445  0.765
  53 A   0.02131 0.30056 0.30060 0.30060 0.07693 ( 4)  1.130  0.077
  54 P   0.07386 0.29714 0.29713 0.29713 0.03474 ( 2)  1.013  0.035
  55 P   0.58209 0.13900 0.13895 0.13895 0.00101 ( 1)  0.586  0.001
  56 A   0.72623 0.09128 0.09122 0.09122 0.00005 ( 1)  0.481  0.000
  57 L   0.23768 0.25308 0.25300 0.25300 0.00323 ( 2)  0.836  0.003
  58 C   0.22190 0.25675 0.25670 0.25670 0.00796 ( 2)  0.856  0.008
  59 P   0.83392 0.05534 0.05530 0.05530 0.00013 ( 1)  0.404  0.000
  60 V   0.79975 0.06676 0.06672 0.06672 0.00007 ( 1)  0.428  0.000
  61 T   0.20966 0.25958 0.25954 0.25954 0.01168 ( 2)  0.872  0.012
  62 T   0.37754 0.20701 0.20694 0.20694 0.00158 ( 1)  0.733  0.002
  63 G   0.84341 0.05221 0.05218 0.05218 0.00001 ( 1)  0.397  0.000

Positively selected sites

	Prob(w>1)  mean w

     5 L      0.739         2.395
    12 E      0.974*        2.839
    14 H      0.555         2.048
    15 K      0.999**       2.886
    16 A      0.990**       2.869
    18 N      0.983*        2.856
    19 L      0.683         2.289
    23 R      1.000**       2.888
    29 V      0.867         2.636
    33 Q      0.940         2.774
    34 Q      0.975*        2.840
    36 P      0.756         2.426
    40 A      0.772         2.456
    41 R      0.819         2.546
    42 C      0.779         2.470
    48 S      0.732         2.381
    52 G      0.765         2.445


lnL = -2197.858068

Bayes Empirical Bayes (BEB) probabilities for 11 classes (class) & postmean_w
(amino acids refer to 1st sequence: gu_10_chr7_731175_734562)

   1 L   0.14311 0.15090 0.13813 0.11859 0.09875 0.08118 0.06682 0.05615 0.05045 0.09527 0.00064 ( 2)  0.415 +-  0.292
   2 Q   0.05398 0.12887 0.15497 0.14811 0.12670 0.10208 0.07990 0.06255 0.05163 0.09111 0.00009 ( 3)  0.455 +-  0.263
   3 A   0.01942 0.05765 0.08629 0.10253 0.10884 0.10855 0.10484 0.10084 0.10153 0.20461 0.00490 (10)  0.612 +-  0.298
   4 T   0.02026 0.05973 0.08880 0.10476 0.11037 0.10920 0.10460 0.09973 0.09952 0.19929 0.00373 (10)  0.605 +-  0.292
   5 L   0.00000 0.00000 0.00000 0.00003 0.00022 0.00092 0.00291 0.00763 0.01824 0.07738 0.89266 (11)  2.386 +-  0.563
   6 G   0.00000 0.00001 0.00017 0.00127 0.00502 0.01384 0.03023 0.05699 0.10063 0.30062 0.49123 (11)  1.685 +-  0.838
   7 L   0.00000 0.00002 0.00031 0.00176 0.00592 0.01457 0.02947 0.05280 0.09047 0.26966 0.53502 (11)  1.754 +-  0.839
   8 V   0.00000 0.00005 0.00089 0.00482 0.01519 0.03480 0.06507 0.10689 0.16606 0.42548 0.18076 (10)  1.149 +-  0.650
   9 I   0.00025 0.00570 0.02129 0.04486 0.07134 0.09634 0.11763 0.13593 0.15760 0.33253 0.01654 (10)  0.777 +-  0.302
  10 V   0.00004 0.00273 0.01481 0.03783 0.06706 0.09626 0.12127 0.14176 0.16398 0.34062 0.01364 (10)  0.783 +-  0.279
  11 P   0.00270 0.02220 0.05111 0.07854 0.09912 0.11181 0.11815 0.12137 0.12801 0.25977 0.00721 (10)  0.691 +-  0.282
  12 E   0.00000 0.00000 0.00000 0.00000 0.00000 0.00003 0.00012 0.00044 0.00136 0.00739 0.99066 (11)  2.562 +-  0.311
  13 C   0.00001 0.00045 0.00317 0.01046 0.02380 0.04355 0.06948 0.10212 0.14725 0.36778 0.23194 (10)  1.218 +-  0.726
  14 H   0.00000 0.00000 0.00005 0.00036 0.00145 0.00422 0.00998 0.02076 0.04102 0.14538 0.77676 (11)  2.179 +-  0.720
  15 K   0.00000 0.00000 0.00000 0.00000 0.00000 0.00000 0.00000 0.00000 0.00002 0.00020 0.99977 (11)  2.578 +-  0.270
  16 A   0.00000 0.00000 0.00000 0.00000 0.00000 0.00001 0.00003 0.00013 0.00046 0.00287 0.99650 (11)  2.572 +-  0.285
  17 M   0.00000 0.00000 0.00009 0.00068 0.00292 0.00871 0.02059 0.04194 0.07995 0.26132 0.58380 (11)  1.840 +-  0.818
  18 N   0.00000 0.00000 0.00000 0.00000 0.00000 0.00002 0.00007 0.00027 0.00088 0.00496 0.99381 (11)  2.568 +-  0.297
  19 L   0.00000 0.00000 0.00001 0.00007 0.00040 0.00152 0.00439 0.01071 0.02413 0.09690 0.86188 (11)  2.330 +-  0.614
  20 Y   0.00000 0.00002 0.00020 0.00100 0.00320 0.00784 0.01622 0.03025 0.05464 0.17763 0.70902 (11)  2.058 +-  0.780
  21 S   0.00000 0.00020 0.00213 0.00880 0.02305 0.04612 0.07772 0.11767 0.17129 0.41868 0.13433 (10)  1.058 +-  0.587
  22 S   0.00000 0.00015 0.00165 0.00693 0.01843 0.03753 0.06458 0.10012 0.14980 0.38111 0.23969 (10)  1.240 +-  0.727
  23 R   0.00000 0.00000 0.00000 0.00000 0.00000 0.00000 0.00000 0.00000 0.00000 0.00000 1.00000 (11)  2.578 +-  0.269
  24 L   0.05138 0.12330 0.14952 0.14451 0.12535 0.10270 0.08195 0.06558 0.05547 0.10001 0.00022 ( 3)  0.467 +-  0.267
  25 L   0.00275 0.02252 0.05169 0.07921 0.09968 0.11215 0.11821 0.12113 0.12747 0.25831 0.00689 (10)  0.689 +-  0.281
  26 V   0.00002 0.00135 0.00835 0.02411 0.04801 0.07692 0.10752 0.13852 0.17521 0.38614 0.03384 (10)  0.849 +-  0.356
  27 H   0.00014 0.00369 0.01500 0.03400 0.05787 0.08338 0.10838 0.13302 0.16333 0.35888 0.04232 (10)  0.844 +-  0.397
  28 V   0.00000 0.00023 0.00235 0.00949 0.02424 0.04745 0.07844 0.11682 0.16778 0.40742 0.14578 (10)  1.075 +-  0.609
  29 V   0.00000 0.00000 0.00000 0.00001 0.00007 0.00031 0.00109 0.00314 0.00819 0.03802 0.94916 (11)  2.487 +-  0.444
  30 I   0.00000 0.00003 0.00051 0.00295 0.00994 0.02431 0.04844 0.08471 0.13998 0.38507 0.30406 (10)  1.362 +-  0.767
  31 T   0.00161 0.01452 0.03643 0.06076 0.08298 0.10100 0.11483 0.12646 0.14234 0.30037 0.01869 (10)  0.748 +-  0.329
  32 T   0.02004 0.05917 0.08812 0.10414 0.10993 0.10901 0.10465 0.10003 0.10008 0.20078 0.00406 (10)  0.607 +-  0.293
  33 Q   0.00000 0.00000 0.00000 0.00000 0.00002 0.00009 0.00037 0.00118 0.00342 0.01718 0.97775 (11)  2.539 +-  0.359
  34 Q   0.00000 0.00000 0.00000 0.00000 0.00000 0.00001 0.00008 0.00031 0.00111 0.00669 0.99180 (11)  2.564 +-  0.305
  35 I   0.00000 0.00035 0.00334 0.01275 0.03108 0.05829 0.09254 0.13249 0.18284 0.42508 0.06125 (10)  0.923 +-  0.431
  36 P   0.00000 0.00000 0.00002 0.00016 0.00065 0.00193 0.00469 0.01008 0.02072 0.07778 0.88396 (11)  2.372 +-  0.586
  37 E   0.05762 0.13528 0.15985 0.15018 0.12637 0.10022 0.07727 0.05963 0.04858 0.08494 0.00007 ( 3)  0.445 +-  0.261
  38 K   0.00000 0.00005 0.00082 0.00446 0.01411 0.03250 0.06113 0.10109 0.15826 0.41068 0.21690 (10)  1.210 +-  0.694
  39 R   0.00011 0.00313 0.01317 0.03073 0.05368 0.07917 0.10508 0.13143 0.16413 0.36488 0.05449 (10)  0.872 +-  0.434
  40 A   0.00000 0.00000 0.00001 0.00007 0.00034 0.00120 0.00329 0.00780 0.01733 0.06982 0.90013 (11)  2.400 +-  0.553
  41 R   0.00000 0.00000 0.00000 0.00005 0.00024 0.00085 0.00240 0.00583 0.01328 0.05487 0.92247 (11)  2.440 +-  0.509
  42 C   0.00000 0.00000 0.00001 0.00007 0.00034 0.00119 0.00325 0.00768 0.01701 0.06811 0.90234 (11)  2.404 +-  0.550
  43 Q   0.00000 0.00040 0.00383 0.01427 0.03382 0.06155 0.09488 0.13212 0.17791 0.40787 0.07334 (10)  0.938 +-  0.468
  44 P   0.00182 0.01605 0.03934 0.06424 0.08604 0.10288 0.11511 0.12499 0.13900 0.29167 0.01886 (10)  0.741 +-  0.333
  45 T   0.00000 0.00005 0.00058 0.00269 0.00796 0.01802 0.03442 0.05924 0.09852 0.28579 0.49273 (11)  1.680 +-  0.843
  46 P   0.00001 0.00066 0.00445 0.01405 0.03061 0.05366 0.08209 0.11577 0.16026 0.38379 0.15465 (10)  1.079 +-  0.631
  47 E   0.00000 0.00002 0.00046 0.00315 0.01159 0.02959 0.05971 0.10351 0.16692 0.43638 0.18867 (10)  1.168 +-  0.656
  48 S   0.00000 0.00000 0.00002 0.00016 0.00068 0.00205 0.00505 0.01094 0.02261 0.08507 0.87339 (11)  2.352 +-  0.602
  49 R   0.01219 0.03962 0.06446 0.08303 0.09535 0.10266 0.10681 0.11035 0.11891 0.24967 0.01695 (10)  0.684 +-  0.350
  50 H   0.00056 0.01175 0.03878 0.07178 0.10025 0.11900 0.12797 0.13065 0.13452 0.26273 0.00201 (10)  0.697 +-  0.237
  51 R   0.00000 0.00000 0.00004 0.00034 0.00156 0.00494 0.01236 0.02660 0.05354 0.18902 0.71161 (11)  2.062 +-  0.765
  52 G   0.00000 0.00000 0.00001 0.00007 0.00035 0.00122 0.00336 0.00797 0.01773 0.07156 0.89774 (11)  2.395 +-  0.557
  53 A   0.00001 0.00044 0.00315 0.01046 0.02394 0.04402 0.07051 0.10396 0.15019 0.37471 0.21863 (10)  1.196 +-  0.710
  54 P   0.00010 0.00267 0.01132 0.02673 0.04745 0.07132 0.09677 0.12404 0.15910 0.36307 0.09743 (10)  0.954 +-  0.541
  55 P   0.02224 0.06417 0.09353 0.10830 0.11215 0.10922 0.10312 0.09706 0.09579 0.19082 0.00359 (10)  0.594 +-  0.292
  56 A   0.00980 0.06173 0.11190 0.13650 0.13767 0.12494 0.10699 0.08982 0.07833 0.14202 0.00029 (10)  0.555 +-  0.254
  57 L   0.00041 0.00912 0.03119 0.06002 0.08746 0.10874 0.12293 0.13237 0.14410 0.29343 0.01022 (10)  0.735 +-  0.281
  58 C   0.00142 0.01312 0.03351 0.05688 0.07903 0.09784 0.11310 0.12661 0.14476 0.30873 0.02501 (10)  0.767 +-  0.355
  59 P   0.15555 0.16027 0.14293 0.11964 0.09724 0.07811 0.06292 0.05182 0.04572 0.08527 0.00053 ( 2)  0.397 +-  0.287
  60 V   0.04603 0.11319 0.14089 0.13982 0.12457 0.10483 0.08592 0.07059 0.06128 0.11254 0.00035 ( 3)  0.486 +-  0.271
  61 T   0.00134 0.01243 0.03194 0.05460 0.07643 0.09539 0.11125 0.12572 0.14518 0.31215 0.03357 (10)  0.787 +-  0.387
  62 T   0.00292 0.02360 0.05366 0.08148 0.10163 0.11334 0.11844 0.12035 0.12562 0.25325 0.00570 (10)  0.683 +-  0.275
  63 G   0.05269 0.12639 0.15284 0.14695 0.12651 0.10262 0.08089 0.06379 0.05305 0.09417 0.00010 ( 3)  0.460 +-  0.264

Positively selected sites

	Prob(w>1)  mean w

     5 L      0.893         2.386 +- 0.563
     7 L      0.535         1.754 +- 0.839
    12 E      0.991**       2.562 +- 0.311
    14 H      0.777         2.179 +- 0.720
    15 K      1.000**       2.578 +- 0.270
    16 A      0.997**       2.572 +- 0.285
    17 M      0.584         1.840 +- 0.818
    18 N      0.994**       2.568 +- 0.297
    19 L      0.862         2.330 +- 0.614
    20 Y      0.709         2.058 +- 0.780
    23 R      1.000**       2.578 +- 0.269
    29 V      0.949         2.487 +- 0.444
    33 Q      0.978*        2.539 +- 0.359
    34 Q      0.992**       2.564 +- 0.305
    36 P      0.884         2.372 +- 0.586
    40 A      0.900         2.400 +- 0.553
    41 R      0.922         2.440 +- 0.509
    42 C      0.902         2.404 +- 0.550
    48 S      0.873         2.352 +- 0.602
    51 R      0.712         2.062 +- 0.765
    52 G      0.898         2.395 +- 0.557
