Supplemental results for CODEML (seqf: /Users/makuachtenygatluak/Documents/Research/data/processed/melospiza_georgiana/paml_input/mroh6_melospiza_georgiana_codon.phy  treef: /Users/makuachtenygatluak/Documents/Research/data/processed/melospiza_georgiana/paml_input/mroh6_melospiza_georgiana_ml.tree)


MLEs of dN/dS (w) for site classes (K=5)

p:   0.19270  0.19270  0.19270  0.19270  0.22919
w:   0.96695  0.98095  0.98854  0.99490  4.22656

Naive Empirical Bayes (NEB) probabilities for 5 classes & postmean_w & P(w>1)
(amino acids refer to 1st sequence: gu_0_chr7_893669_897617)

   1 P   0.12218 0.12552 0.12734 0.12887 0.49610 ( 5)  2.592  0.496
   2 T   0.22616 0.22791 0.22884 0.22959 0.08750 ( 4)  1.267  0.087
   3 G   0.25473 0.24938 0.24653 0.24417 0.00520 ( 1)  1.000  0.005
   4 P   0.25502 0.24909 0.24594 0.24333 0.00663 ( 1)  1.004  0.007
   5 C   0.23621 0.23756 0.23825 0.23882 0.04915 ( 4)  1.142  0.049
   6 A   0.25474 0.24899 0.24594 0.24341 0.00692 ( 1)  1.005  0.007
   7 A   0.24798 0.24522 0.24372 0.24247 0.02061 ( 1)  1.050  0.021
   8 A   0.23629 0.23591 0.23568 0.23547 0.05665 ( 1)  1.167  0.057
   9 L   0.24525 0.24274 0.24139 0.24026 0.03037 ( 1)  1.081  0.030
  10 D   0.22896 0.22920 0.22930 0.22937 0.08318 ( 4)  1.253  0.083
  11 P   0.13399 0.13844 0.14087 0.14291 0.44378 ( 5)  2.422  0.444
  12 L   0.25858 0.25067 0.24648 0.24303 0.00124 ( 1)  0.987  0.001
  13 P   0.05813 0.06055 0.06188 0.06301 0.75642 ( 5)  3.437  0.756
  14 R   0.22358 0.22428 0.22464 0.22493 0.10258 ( 4)  1.316  0.103
  15 G   0.24087 0.24103 0.24108 0.24111 0.03591 ( 4)  1.099  0.036
  16 D   0.24319 0.24325 0.24325 0.24323 0.02708 ( 2)  1.071  0.027
  17 A   0.03078 0.03238 0.03327 0.03403 0.86953 ( 5)  3.803  0.870
  18 S   0.19414 0.19805 0.20015 0.20191 0.20576 ( 5)  1.650  0.206
  19 N   0.23705 0.23839 0.23907 0.23963 0.04586 ( 4)  1.132  0.046
  20 W   0.04815 0.04987 0.05082 0.05162 0.79953 ( 5)  3.576  0.800
  21 K   0.21443 0.21682 0.21809 0.21914 0.13153 ( 4)  1.410  0.132
  22 K   0.24762 0.24616 0.24536 0.24467 0.01618 ( 1)  1.035  0.016
  23 A   0.02155 0.02244 0.02294 0.02335 0.90971 ( 5)  3.934  0.910
  24 P   0.22896 0.22980 0.23022 0.23056 0.08047 ( 4)  1.244  0.080
  25 E   0.25695 0.25028 0.24674 0.24381 0.00224 ( 1)  0.990  0.002
  26 E   0.20914 0.21191 0.21339 0.21462 0.15092 ( 4)  1.472  0.151
  27 T   0.04236 0.04422 0.04524 0.04611 0.82207 ( 5)  3.649  0.822
  28 C   0.25184 0.24888 0.24726 0.24591 0.00611 ( 1)  1.003  0.006
  29 E   0.19116 0.19390 0.19537 0.19660 0.22297 ( 5)  1.706  0.223
  30 Q   0.19796 0.19996 0.20102 0.20190 0.19917 ( 4)  1.629  0.199
  31 Q   0.19305 0.19597 0.19753 0.19884 0.21461 ( 5)  1.679  0.215
  32 P   0.25128 0.24760 0.24561 0.24395 0.01156 ( 1)  1.020  0.012
  33 S   0.13070 0.13390 0.13563 0.13709 0.46269 ( 5)  2.484  0.463
  34 P   0.01168 0.01227 0.01260 0.01288 0.95058 ( 5)  4.066  0.951
  35 T   0.25230 0.24897 0.24717 0.24566 0.00590 ( 1)  1.002  0.006
  36 L   0.25214 0.24866 0.24677 0.24519 0.00724 ( 1)  1.006  0.007
  37 L   0.24237 0.24259 0.24268 0.24273 0.02962 ( 4)  1.079  0.030
  38 P   0.21574 0.21768 0.21870 0.21954 0.12833 ( 4)  1.399  0.128
  39 L   0.24031 0.23833 0.23726 0.23637 0.04773 ( 1)  1.138  0.048
  40 S   0.21092 0.21328 0.21454 0.21559 0.14567 ( 4)  1.455  0.146
  41 E   0.18103 0.18494 0.18705 0.18881 0.25816 ( 5)  1.820  0.258
  42 S   0.03458 0.03611 0.03696 0.03767 0.85467 ( 5)  3.755  0.855
  43 A   0.15724 0.15998 0.16145 0.16269 0.35864 ( 5)  2.146  0.359
  44 C   0.25176 0.24883 0.24723 0.24589 0.00629 ( 1)  1.003  0.006
  45 G   0.20895 0.21014 0.21077 0.21129 0.15886 ( 4)  1.498  0.159

Positively selected sites

	Prob(w>1)  mean w

    13 P      0.756         3.437
    17 A      0.870         3.803
    20 W      0.800         3.576
    23 A      0.910         3.934
    27 T      0.822         3.649
    34 P      0.951*        4.066
    42 S      0.855         3.755


lnL =  -605.113686

Bayes Empirical Bayes (BEB) probabilities for 11 classes (class) & postmean_w
(amino acids refer to 1st sequence: gu_0_chr7_893669_897617)

   1 P   0.00000 0.00009 0.00044 0.00126 0.00279 0.00531 0.00932 0.01589 0.02875 0.21691 0.71924 (11)  2.531 +-  1.660
   2 T   0.00023 0.00176 0.00496 0.00971 0.01587 0.02350 0.03310 0.04634 0.06979 0.42006 0.37468 (10)  1.444 +-  0.951
   3 G   0.06476 0.05388 0.05477 0.05480 0.05445 0.05434 0.05528 0.05883 0.07027 0.37296 0.10568 (10)  0.783 +-  0.495
   4 P   0.07389 0.06010 0.05958 0.05819 0.05652 0.05522 0.05508 0.05760 0.06777 0.35914 0.09691 (10)  0.757 +-  0.499
   5 C   0.00028 0.00213 0.00595 0.01148 0.01850 0.02699 0.03742 0.05149 0.07610 0.44442 0.32524 (10)  1.318 +-  0.819
   6 A   0.07147 0.05842 0.05824 0.05720 0.05586 0.05486 0.05501 0.05780 0.06830 0.36241 0.10042 (10)  0.766 +-  0.504
   7 A   0.00732 0.01656 0.02628 0.03468 0.04186 0.04833 0.05504 0.06402 0.08184 0.43272 0.19135 (10)  1.020 +-  0.630
   8 A   0.00248 0.00704 0.01319 0.02003 0.02732 0.03513 0.04405 0.05585 0.07713 0.43093 0.28686 (10)  1.246 +-  0.849
   9 L   0.03501 0.03184 0.03526 0.03836 0.04137 0.04474 0.04920 0.05646 0.07240 0.39864 0.19673 (10)  1.002 +-  0.699
  10 D   0.00043 0.00301 0.00789 0.01436 0.02192 0.03041 0.04020 0.05296 0.07517 0.42508 0.32857 (10)  1.371 +-  0.996
  11 P   0.00000 0.00002 0.00019 0.00073 0.00195 0.00426 0.00833 0.01547 0.03001 0.24254 0.69649 (11)  2.382 +-  1.504
  12 L   0.09835 0.07700 0.07285 0.06783 0.06279 0.05848 0.05564 0.05556 0.06256 0.32702 0.06192 (10)  0.663 +-  0.424
  13 P   0.00000 0.00001 0.00006 0.00022 0.00063 0.00146 0.00301 0.00591 0.01210 0.10349 0.87312 (11)  3.100 +-  1.804
  14 R   0.00203 0.00559 0.01029 0.01562 0.02154 0.02827 0.03642 0.04772 0.06842 0.40284 0.36128 (10)  1.419 +-  0.988
  15 G   0.00045 0.00319 0.00843 0.01547 0.02377 0.03311 0.04387 0.05776 0.08172 0.45523 0.27701 (10)  1.219 +-  0.757
  16 D   0.00047 0.00331 0.00874 0.01602 0.02455 0.03412 0.04508 0.05917 0.08340 0.46146 0.26368 (10)  1.186 +-  0.708
  17 A   0.00000 0.00000 0.00001 0.00006 0.00020 0.00055 0.00129 0.00281 0.00625 0.05753 0.93129 (11)  3.315 +-  1.814
  18 S   0.00001 0.00024 0.00111 0.00303 0.00632 0.01137 0.01882 0.03029 0.05165 0.35608 0.52107 (11)  1.824 +-  1.197
  19 N   0.00028 0.00215 0.00600 0.01157 0.01865 0.02720 0.03769 0.05184 0.07656 0.44642 0.32163 (10)  1.309 +-  0.807
  20 W   0.00000 0.00003 0.00013 0.00039 0.00091 0.00182 0.00335 0.00600 0.01139 0.08961 0.88638 (11)  3.173 +-  1.828
  21 K   0.00016 0.00127 0.00370 0.00748 0.01262 0.01929 0.02801 0.04044 0.06282 0.39418 0.43004 (11)  1.585 +-  1.062
  22 K   0.00467 0.01154 0.01956 0.02743 0.03505 0.04266 0.05103 0.06209 0.08264 0.44692 0.21640 (10)  1.070 +-  0.627
  23 A   0.00000 0.00001 0.00006 0.00017 0.00041 0.00085 0.00161 0.00293 0.00563 0.04193 0.94639 (11)  3.416 +-  1.861
  24 P   0.00035 0.00249 0.00669 0.01249 0.01953 0.02774 0.03754 0.05059 0.07345 0.42551 0.34364 (10)  1.386 +-  0.951
  25 E   0.08078 0.06508 0.06385 0.06165 0.05914 0.05701 0.05606 0.05776 0.06691 0.35168 0.08008 (10)  0.717 +-  0.448
  26 E   0.00012 0.00100 0.00304 0.00632 0.01097 0.01720 0.02557 0.03771 0.05978 0.38363 0.45465 (11)  1.649 +-  1.103
  27 T   0.00000 0.00000 0.00004 0.00016 0.00046 0.00107 0.00223 0.00440 0.00908 0.07781 0.90475 (11)  3.224 +-  1.818
  28 C   0.00727 0.01663 0.02674 0.03566 0.04340 0.05039 0.05756 0.06694 0.08528 0.44519 0.16493 (10)  0.962 +-  0.517
  29 E   0.00011 0.00089 0.00267 0.00552 0.00955 0.01498 0.02234 0.03314 0.05301 0.34842 0.50936 (11)  1.813 +-  1.233
  30 Q   0.00017 0.00132 0.00375 0.00741 0.01227 0.01843 0.02636 0.03757 0.05775 0.36131 0.47366 (11)  1.747 +-  1.260
  31 Q   0.00010 0.00084 0.00254 0.00530 0.00926 0.01465 0.02204 0.03296 0.05311 0.35184 0.50737 (11)  1.795 +-  1.201
  32 P   0.00933 0.02023 0.03119 0.04003 0.04704 0.05289 0.05868 0.06653 0.08295 0.43074 0.16038 (10)  0.951 +-  0.549
  33 S   0.00001 0.00013 0.00059 0.00164 0.00349 0.00642 0.01091 0.01806 0.03180 0.23223 0.69472 (11)  2.458 +-  1.648
  34 P   0.00000 0.00000 0.00001 0.00005 0.00015 0.00036 0.00077 0.00154 0.00318 0.02449 0.96944 (11)  3.486 +-  1.843
  35 T   0.00796 0.01792 0.02848 0.03757 0.04524 0.05197 0.05875 0.06763 0.08531 0.44250 0.15667 (10)  0.945 +-  0.505
  36 L   0.00852 0.01887 0.02963 0.03865 0.04608 0.05248 0.05887 0.06735 0.08454 0.43842 0.15658 (10)  0.944 +-  0.515
  37 L   0.00044 0.00314 0.00834 0.01538 0.02373 0.03319 0.04411 0.05823 0.08256 0.45968 0.27120 (10)  1.202 +-  0.723
  38 P   0.00020 0.00154 0.00436 0.00859 0.01416 0.02115 0.03006 0.04251 0.06475 0.39758 0.41509 (11)  1.557 +-  1.065
  39 L   0.03054 0.02822 0.03170 0.03500 0.03830 0.04201 0.04687 0.05455 0.07094 0.39510 0.22678 (10)  1.077 +-  0.789
  40 S   0.00016 0.00126 0.00365 0.00735 0.01237 0.01888 0.02740 0.03954 0.06146 0.38684 0.44111 (11)  1.620 +-  1.101
  41 E   0.00001 0.00020 0.00094 0.00259 0.00546 0.00994 0.01665 0.02713 0.04690 0.33122 0.55895 (11)  1.937 +-  1.268
  42 S   0.00000 0.00000 0.00004 0.00014 0.00040 0.00092 0.00190 0.00374 0.00766 0.06414 0.92106 (11)  3.296 +-  1.833
  43 A   0.00007 0.00060 0.00182 0.00385 0.00681 0.01093 0.01668 0.02534 0.04155 0.28370 0.60865 (11)  2.157 +-  1.493
  44 C   0.00719 0.01648 0.02654 0.03544 0.04319 0.05021 0.05742 0.06685 0.08526 0.44539 0.16602 (10)  0.964 +-  0.519
  45 G   0.00159 0.00444 0.00829 0.01279 0.01794 0.02398 0.03151 0.04213 0.06174 0.37492 0.42068 (11)  1.581 +-  1.129

Positively selected sites

	Prob(w>1)  mean w

     1 P      0.719         2.531 +- 1.660
    11 P      0.696         2.382 +- 1.504
    13 P      0.873         3.100 +- 1.804
    17 A      0.931         3.315 +- 1.814
    18 S      0.521         1.824 +- 1.197
    20 W      0.886         3.173 +- 1.828
    23 A      0.946         3.416 +- 1.861
    27 T      0.905         3.224 +- 1.818
    29 E      0.509         1.813 +- 1.233
    31 Q      0.507         1.795 +- 1.201
    33 S      0.695         2.458 +- 1.648
    34 P      0.969*        3.486 +- 1.843
    41 E      0.559         1.937 +- 1.268
    42 S      0.921         3.296 +- 1.833
    43 A      0.609         2.157 +- 1.493
